  0.10000000000000001        0.0000000000000000        17.790002810567511     
  0.10177900028105676        1.0000000000000000E-003   17.326635800992445     
  0.10354248795111573        2.0000000000000000E-003   16.886894678236583     
  0.10529099903986880        3.0000000000000001E-003   16.469016325176810     
  0.10702503822195057        4.0000000000000001E-003   16.071408967364697     
  0.10874508138096338        5.0000000000000001E-003   15.692631837136330     
  0.11045157790717426        6.0000000000000001E-003   15.331377668584755     
  0.11214495276216026        7.0000000000000001E-003   14.986457573842406     
  0.11382560833885093        8.0000000000000002E-003   14.656787930934730     
  0.11549392614138310        9.0000000000000011E-003   14.341378977679048     
  0.11715026830579675        1.0000000000000002E-002   14.039324858031700     
  0.11879497897974740        1.1000000000000003E-002   13.749794909489136     
  0.12042838557699601        1.2000000000000004E-002   13.472026014608518     
  0.12205079992038660        1.3000000000000005E-002   13.205315867977763     
  0.12366251928527466        1.4000000000000005E-002   12.949017033247571     
  0.12526382735387398        1.5000000000000006E-002   12.702531684096140     
  0.12685499508970771        1.6000000000000007E-002   12.465306938989340     
  0.12843628154024492        1.7000000000000008E-002   12.236830712929651     
  0.13000793457485108        1.8000000000000009E-002   12.016628020539160     
  0.13157019156435565        1.9000000000000010E-002   11.804257674184367     
  0.13312328000782311        2.0000000000000011E-002   11.599309328736764     
  0.13466741811148988        2.1000000000000012E-002   11.401400831227594     
  0.13620281532428549        2.2000000000000013E-002   11.210175839304371     
  0.13772967283387905        2.3000000000000013E-002   11.025301677200115     
  0.13924818402677464        2.4000000000000014E-002   10.846467402021821     
  0.14075853491561177        2.5000000000000015E-002   10.673382056666767     
  0.14226090453650275        2.6000000000000016E-002   10.505773088677955     
  0.14375546531895333        2.7000000000000017E-002   10.343384916930894     
  0.14524238343065979        2.8000000000000018E-002   10.185977630268301     
  0.14672181909925133        2.9000000000000019E-002   10.033325804120659     
  0.14819392691284738        3.0000000000000020E-002   9.8852174228144687     
  0.14965885610112156        3.1000000000000021E-002   9.7414528967138931     
  0.15111675079840672        3.2000000000000021E-002   9.6018441645974786     
  0.15256775029023334        3.3000000000000022E-002   9.4662138727663674     
  0.15401198924456749        3.4000000000000023E-002   9.3343946233366086     
  0.15544959792890137        3.5000000000000024E-002   9.2062282850051194     
  0.15688070241424709        3.6000000000000025E-002   9.0815653603126680     
  0.15830542476699383        3.7000000000000026E-002   8.9602644040721255     
  0.15972388322950504        3.8000000000000027E-002   8.8421914881977344     
  0.16113619239025886        3.9000000000000028E-002   8.7272197086716510     
  0.16254246334426745        4.0000000000000029E-002   8.6152287308260771     
  0.16394280384445023        4.1000000000000029E-002   8.5061043695104388     
  0.16533731844458130        4.2000000000000030E-002   8.3997382010598027     
  0.16672610863438103        4.3000000000000031E-002   8.2960272042884178     
  0.16810927296727701        4.4000000000000032E-002   8.1948734280058879     
  0.16948690718131795        4.5000000000000033E-002   8.0961836827971805     
  0.17085910431368709        4.6000000000000034E-002   7.9998692550248593     
  0.17222595480922723        4.7000000000000035E-002   7.9058456412060076     
  0.17358754662335829        4.8000000000000036E-002   7.8140323010898731     
  0.17494396531974016        4.9000000000000037E-002   7.7243524279175739     
  0.17629529416300721        5.0000000000000037E-002   7.6367327344846396     
  0.17764161420687744        5.1000000000000038E-002   7.5511032537522365     
  0.17898300437791678        5.2000000000000039E-002   7.4673971528654768     
  0.18031954155521976        5.3000000000000040E-002   7.3855505595384088     
  0.18165130064624863        5.4000000000000041E-002   7.3055023998566320     
  0.18297835465905687        5.5000000000000042E-002   7.2271942466307877     
  0.18430077477110679        5.6000000000000043E-002   7.1505701775085928     
  0.18561863039487680        5.7000000000000044E-002   7.0755766421204047     
  0.18693198924044119        5.8000000000000045E-002   7.0021623375941848     
  0.18824091737519216        5.9000000000000045E-002   6.9302780918310081     
  0.18954547928086363        6.0000000000000046E-002   6.8598767539823351     
  0.19084573790800485        6.1000000000000047E-002   6.7909130916158258     
  0.19214175472804340        6.2000000000000048E-002   6.7233436940978217     
  0.19343358978306707        6.3000000000000042E-002   6.6571268817583213     
  0.19472130173344693        6.4000000000000043E-002   6.5922226204385987     
  0.19600494790341541        6.5000000000000044E-002   6.5285924410528722     
  0.19728458432470661        6.6000000000000045E-002   6.4661993638240611     
  0.19856026577835931        6.7000000000000046E-002   6.4050078268797055     
  0.19983204583477701        6.8000000000000047E-002   6.3449836189180395     
  0.20109997689213355        6.9000000000000047E-002   6.2860938156760309     
  0.20236411021320777        7.0000000000000048E-002   6.2283067199512034     
  0.20362449596072563        7.1000000000000049E-002   6.1715918049474263     
  0.20488118323128340        7.2000000000000050E-002   6.1159196607316710     
  0.20613422008792157        7.3000000000000051E-002   6.0612619436042188     
  0.20738365359141503        7.4000000000000052E-002   6.0075913281989504     
  0.20862952983034103        7.5000000000000053E-002   5.9548814621435229     
  0.20987189394998346        7.6000000000000054E-002   5.9031069231211442     
  0.21111079018012816        7.7000000000000055E-002   5.8522431781868463     
  0.21234626186180144        7.8000000000000055E-002   5.8022665452012969     
  0.21357835147300072        7.9000000000000056E-002   5.7531541562546638     
  0.21480710065346365        8.0000000000000057E-002   5.7048839229617121     
  0.21603255022851961        8.1000000000000058E-002   5.6574345035173792     
  0.21725474023206529        8.2000000000000059E-002   5.6107852714094895     
  0.21847370992870324        8.3000000000000060E-002   5.5649162856921466     
  0.21968949783508107        8.4000000000000061E-002   5.5198082627297165     
  0.22090214174046610        8.5000000000000062E-002   5.4754425493272034     
  0.22211167872658935        8.6000000000000063E-002   5.4318010971682726     
  0.22331814518679033        8.7000000000000063E-002   5.3888664384872778     
  0.22452157684449264        8.8000000000000064E-002   5.3466216629063261     
  0.22572200877103929        8.9000000000000065E-002   5.3050503953727848     
  0.22691947540291443        9.0000000000000066E-002   5.2641367751367261     
  0.22811401055837766        9.1000000000000067E-002   5.2238654357115264     
  0.22930564745353510        9.2000000000000068E-002   5.1842214857644189     
  0.23049441871787082        9.3000000000000069E-002   5.1451904908869919     
  0.23168035640926055        9.4000000000000070E-002   5.1067584561987402     
  0.23286349202848869        9.5000000000000070E-002   5.0689118097395767     
  0.23404385653328910        9.6000000000000071E-002   5.0316373866098507     
  0.23522148035192836        9.7000000000000072E-002   4.9949224138189310     
  0.23639639339634988        9.8000000000000073E-002   4.9587544958056622     
  0.23756862507489626        9.9000000000000074E-002   4.9231216005962093     
  0.23873820430462642       0.10000000000000007        4.8880120465667636     
  0.23990515952324315       0.10100000000000008        4.8534144897805183     
  0.24106951870064636       0.10200000000000008        4.8193179118700327     
  0.24223130935012627       0.10300000000000008        4.7857116084377722     
  0.24339055853921024       0.10400000000000008        4.7525851779491699     
  0.24454729290017646       0.10500000000000008        4.7199285110939551     
  0.24570153864024685       0.10600000000000008        4.6877317805928866     
  0.24685332155147130       0.10700000000000008        4.6559854314282862     
  0.24800266702031462       0.10800000000000008        4.6246801714779364     
  0.24914960003695710       0.10900000000000008        4.5938069625330638     
  0.25029414520431920       0.11000000000000008        4.5633570116821360     
  0.25143632674682032       0.11100000000000008        4.5333217630432214     
  0.25257616851888132       0.11200000000000009        4.5036928898285513     
  0.25371369401317995       0.11300000000000009        4.4744622867258226     
  0.25484892636866779       0.11400000000000009        4.4456220625815925     
  0.25598188837835756       0.11500000000000009        4.4171645333728584     
  0.25711260249688828       0.11600000000000009        4.3890822154536941     
  0.25824109084787639       0.11700000000000009        4.3613678190644389     
  0.25936737523106040       0.11800000000000009        4.3340142420916150     
  0.26049147712924575       0.11900000000000009        4.3070145640673472     
  0.26161341771505681       0.12000000000000009        4.2803620403976277     
  0.26273321785750303       0.12100000000000009        4.2540500968092898     
  0.26385089812836476       0.12200000000000009        4.2280723240061135     
  0.26496647880840546       0.12300000000000010        4.2024224725248951     
  0.26607997989341570       0.12400000000000010        4.1770944477828298     
  0.26719142110009464       0.12500000000000008        4.1520823053079399     
  0.26830082187177440       0.12600000000000008        4.1273802461447149     
  0.26940820138399235       0.12700000000000009        4.1029826124274891     
  0.27051357854991626       0.12800000000000009        4.0788838831144636     
  0.27161697202562712       0.12900000000000009        4.0550786698756003     
  0.27271840021526444       0.13000000000000009        4.0315617131279602     
  0.27381788127603779       0.13100000000000009        4.0083278782123504     
  0.27491543312310956       0.13200000000000009        3.9853721517054339     
  0.27601107343435244       0.13300000000000009        3.9626896378617444     
  0.27710481965498585       0.13400000000000009        3.9402755551802846     
  0.27819668900209504       0.13500000000000009        3.9181252330906617     
  0.27928669846903642       0.13600000000000009        3.8962341087539225     
  0.28037486482973273       0.13700000000000009        3.8745977239734830     
  0.28146120464286140       0.13800000000000009        3.8532117222117610     
  0.28254573425593910       0.13900000000000010        3.8320718457083180     
  0.28362846980930628       0.14000000000000010        3.8111739326954881     
  0.28470942724001380       0.14100000000000010        3.7905139147076876     
  0.28578862228561552       0.14200000000000010        3.7700878139807337     
  0.28686607048786888       0.14300000000000010        3.7498917409376822     
  0.28794178719634661       0.14400000000000010        3.7299218917578494     
  0.28901578757196217       0.14500000000000010        3.7101745460258186     
  0.29008808659041124       0.14600000000000010        3.6906460644573760     
  0.29115869904553210       0.14700000000000010        3.6713328866994601     
  0.29222763955258657       0.14800000000000010        3.6522315292013285     
  0.29329492255146461       0.14900000000000010        3.6333385831542619     
  0.29436056230981411       0.15000000000000011        3.6146507124972480     
  0.29542457292609836       0.15100000000000011        3.5961646519861938     
  0.29648696833258331       0.15200000000000011        3.5778772053243126     
  0.29754776229825619       0.15300000000000011        3.5597852433514419     
  0.29860696843167778       0.15400000000000011        3.5418857022901333     
  0.29966460018377011       0.15500000000000011        3.5241755820464493     
  0.30072067085054149       0.15600000000000011        3.5066519445634801     
  0.30177519357575000       0.15700000000000011        3.4893119122256975     
  0.30282818135350809       0.15800000000000011        3.4721526663123030     
  0.30387964703082915       0.15900000000000011        3.4551714454978399     
  0.30492960331011804       0.16000000000000011        3.4383655443983829     
  0.30597806275160661       0.16100000000000012        3.4217323121617080     
  0.30702503777573642       0.16200000000000012        3.4052691510998816     
  0.30807054066548939       0.16300000000000012        3.3889735153628027     
  0.30911458356866822       0.16400000000000012        3.3728429096512653     
  0.31015717850012758       0.16500000000000012        3.3568748879681789     
  0.31119833734395774       0.16600000000000012        3.3410670524066250     
  0.31223807185562136       0.16700000000000012        3.3254170519735031     
  0.31327639366404536       0.16800000000000012        3.3099225814475353     
  0.31431331427366843       0.16900000000000012        3.2945813802704760     
  0.31534884506644556       0.17000000000000012        3.2793912314704032     
  0.31638299730381075       0.17100000000000012        3.2643499606160122     
  0.31741578212859900       0.17200000000000013        3.2494554348008706     
  0.31844721056692832       0.17300000000000013        3.2347055616566500     
  0.31947729353004323       0.17400000000000013        3.2200982883943610     
  0.32050604181612019       0.17500000000000013        3.2056316008726804     
  0.32153346611203659       0.17600000000000013        3.1913035226924675     
  0.32255957699510346       0.17700000000000013        3.1771121143166319     
  0.32358438493476344       0.17800000000000013        3.1630554722145114     
  0.32460790029425451       0.17900000000000013        3.1491317280299809     
  0.32563013333224033       0.18000000000000013        3.1353390477725194     
  0.32665109420440830       0.18100000000000013        3.1216756310305023     
  0.32767079296503565       0.18200000000000013        3.1081397102060104     
  0.32868923956852497       0.18300000000000013        3.0947295497704705     
  0.32970644387090925       0.18400000000000014        3.0814434455404691     
  0.33072241563132770       0.18500000000000014        3.0682797239731054     
  0.33173716451347274       0.18600000000000014        3.0552367414802695     
  0.33275070008700880       0.18700000000000014        3.0423128837612574     
  0.33376303182896411       0.18800000000000014        3.0295065651531523     
  0.33477416912509539       0.18900000000000014        3.0168162279984196     
  0.33578412127122664       0.19000000000000014        3.0042403420291941     
  0.33679289747456248       0.19100000000000014        2.9917774037677352     
  0.33780050685497631       0.19200000000000014        2.9794259359425714     
  0.33880695844627456       0.19300000000000014        2.9671844869198436     
  0.33981226119743685       0.19400000000000014        2.9550516301493985     
  0.34081642397383310       0.19500000000000015        2.9430259636251774     
  0.34181945555841797       0.19600000000000015        2.9311061093594839     
  0.34282136465290319       0.19700000000000015        2.9192907128706995     
  0.34382215987890807       0.19800000000000015        2.9075784426840685     
  0.34482184977908908       0.19900000000000015        2.8959679898451425     
  0.34582044281824853       0.20000000000000015        2.8844580674455300     
  0.34681794738442323       0.20100000000000015        2.8730474101605767     
  0.34781437178995328       0.20200000000000015        2.8617347737986356     
  0.34880972427253154       0.20300000000000015        2.8505189348615860     
  0.34980401299623426       0.20400000000000015        2.8393986901162744     
  0.35079724605253321       0.20500000000000015        2.8283728561765651     
  0.35178943146128966       0.20600000000000016        2.8174402690956937     
  0.35278057717173100       0.20700000000000016        2.8065997839686228     
  0.35377069106340953       0.20800000000000016        2.7958502745441298     
  0.35475978094714483       0.20900000000000016        2.7851906328463301     
  0.35574785456594943       0.21000000000000016        2.7746197688053864     
  0.35673491959593823       0.21100000000000016        2.7641366098971329     
  0.35772098364722205       0.21200000000000016        2.7537401007913740     
  0.35870605426478591       0.21300000000000016        2.7434292030086040     
  0.35969013892935192       0.21400000000000016        2.7332028945849247     
  0.36067324505822729       0.21500000000000016        2.7230601697449264     
  0.36165538000613801       0.21600000000000016        2.7130000385823125     
  0.36263655106604814       0.21700000000000016        2.7030215267480595     
  0.36361676546996535       0.21800000000000017        2.6931236751458982     
  0.36459603038973248       0.21900000000000017        2.6833055396349264     
  0.36557435293780616       0.22000000000000017        2.6735661907391468     
  0.36655174016802200       0.22100000000000017        2.6639047133637548     
  0.36752819907634726       0.22200000000000017        2.6543202065179843     
  0.36850373660162078       0.22300000000000017        2.6448117830443416     
  0.36947835962628062       0.22400000000000017        2.6353785693540530     
  0.37045207497707983       0.22500000000000017        2.6260197051685612     
  0.37142488942579022       0.22600000000000017        2.6167343432669092     
  0.37239680968989480       0.22700000000000017        2.6075216492388593     
  0.37336784243326870       0.22800000000000017        2.5983808012435876     
  0.37433799426684905       0.22900000000000018        2.5893109897738200     
  0.37530727174929407       0.23000000000000018        2.5803114174252531     
  0.37627568138763151       0.23100000000000018        2.5713812986711346     
  0.37724322963789642       0.23200000000000018        2.5625198596418612     
  0.37820992290575894       0.23300000000000018        2.5537263379094681     
  0.37917576754714211       0.23400000000000018        2.5449999822768810     
  0.38014076986882939       0.23500000000000018        2.5363400525718101     
  0.38110493612906315       0.23600000000000018        2.5277458194451685     
  0.38206827253813330       0.23700000000000018        2.5192165641738957     
  0.38303078525895667       0.23800000000000018        2.5107515784680796     
  0.38399248040764744       0.23900000000000018        2.5023501642822605     
  0.38495336405407865       0.24000000000000019        2.4940116336308207     
  0.38591344222243484       0.24100000000000019        2.4857353084073490     
  0.38687272089175617       0.24200000000000019        2.4775205202078876     
  0.38783120599647414       0.24300000000000019        2.4693666101579552     
  0.38878890342693911       0.24400000000000019        2.4612729287432651     
  0.38974581902993960       0.24500000000000019        2.4532388356440333     
  0.39070195860921375       0.24600000000000019        2.4452636995727959     
  0.39165732792595287       0.24700000000000019        2.4373468981156527     
  0.39261193269929745       0.24800000000000019        2.4294878175768395     
  0.39356577860682568       0.24900000000000019        2.4216858528265619     
  0.39451887128503449       0.25000000000000017        2.4139404071520052     
  0.39547121632981341       0.25100000000000017        2.4062508921114416     
  0.39642281929691142       0.25200000000000017        2.3986167273913632     
  0.39737368570239662       0.25300000000000017        2.3910373406665655     
  0.39832382102310937       0.25400000000000017        2.3835121674631128     
  0.39927323069710835       0.25500000000000017        2.3760406510241143     
  0.40022192012411040       0.25600000000000017        2.3686222421782448     
  0.40116989466592368       0.25700000000000017        2.3612563992109434     
  0.40211715964687439       0.25800000000000017        2.3539425877382332     
  0.40306372035422749       0.25900000000000017        2.3466802805830871     
  0.40400958203860121       0.26000000000000018        2.3394689576542929     
  0.40495474991437541       0.26100000000000018        2.3323081058277544     
  0.40589922916009413       0.26200000000000018        2.3251972188301671     
  0.40684302491886248       0.26300000000000018        2.3181357971250187     
  0.40778614229873750       0.26400000000000018        2.3111233478008613     
  0.40872858637311377       0.26500000000000018        2.3041593844617956     
  0.40967036218110320       0.26600000000000018        2.2972434271201241     
  0.41061147472790965       0.26700000000000018        2.2903750020911180     
  0.41155192898519821       0.26800000000000018        2.2835536418898523     
  0.41249172989145916       0.26900000000000018        2.2767788851300605     
  0.41343088235236680       0.27000000000000018        2.2700502764249628     
  0.41436939124113342       0.27100000000000019        2.2633673662900238     
  0.41530726139885804       0.27200000000000019        2.2567297110475972     
  0.41624449763487065       0.27300000000000019        2.2501368727334095     
  0.41718110472707126       0.27400000000000019        2.2435884190048503     
  0.41811708742226456       0.27500000000000019        2.2370839230510198     
  0.41905245043648981       0.27600000000000019        2.2306229635044992     
  0.41998719845534627       0.27700000000000019        2.2242051243548069     
  0.42092133613431409       0.27800000000000019        2.2178299948634979     
  0.42185486809907080       0.27900000000000019        2.2114971694808734     
  0.42278779894580365       0.28000000000000019        2.2052062477642660     
  0.42372013324151742       0.28100000000000019        2.1989568342978649     
  0.42465187552433847       0.28200000000000019        2.1927485386140440     
  0.42558303030381417       0.28300000000000020        2.1865809751161662     
  0.42651360206120875       0.28400000000000020        2.1804537630028262     
  0.42744359524979503       0.28500000000000020        2.1743665261935052     
  0.42837301429514196       0.28600000000000020        2.1683188932556043     
  0.42930186359539896       0.28700000000000020        2.1623104973328235     
  0.43023014752157585       0.28800000000000020        2.1563409760748677     
  0.43115787041781933       0.28900000000000020        2.1504099715684393     
  0.43208503660168601       0.29000000000000020        2.1445171302694974     
  0.43301165036441147       0.29100000000000020        2.1386621029367530     
  0.43393771597117592       0.29200000000000020        2.1328445445663800     
  0.43486323766136664       0.29300000000000020        2.1270641143279034     
  0.43578821964883657       0.29400000000000021        2.1213204755012574     
  0.43671266612215986       0.29500000000000021        2.1156132954149709     
  0.43763658124488403       0.29600000000000021        2.1099422453854717     
  0.43855996915577866       0.29700000000000021        2.1043070006574771     
  0.43948283396908128       0.29800000000000021        2.0987072403454494     
  0.44040517977473975       0.29900000000000021        2.0931426473760970     
  0.44132701063865160       0.30000000000000021        2.0876129084318991     
  0.44224833060290053       0.30100000000000021        2.0821177138956268     
  0.44316914368598959       0.30200000000000021        2.0766567577958526     
  0.44408945388307169       0.30300000000000021        2.0712297377534101     
  0.44500926516617700       0.30400000000000021        2.0658363549288050     
  0.44592858148443743       0.30500000000000022        2.0604763139705402     
  0.44684740676430856       0.30600000000000022        2.0551493229643452     
  0.44776574490978860       0.30700000000000022        2.0498550933832909     
  0.44868359980263450       0.30800000000000022        2.0445933400387726     
  0.44960097530257559       0.30900000000000022        2.0393637810323368     
  0.45051787524752446       0.31000000000000022        2.0341661377083455     
  0.45143430345378527       0.31100000000000022        2.0290001346074509     
  0.45235026371625942       0.31200000000000022        2.0238654994208702     
  0.45326575980864869       0.31300000000000022        2.0187619629454470     
  0.45418079548365597       0.31400000000000022        2.0136892590394742     
  0.45509537447318343       0.31500000000000022        2.0086471245792725     
  0.45600950048852834       0.31600000000000023        2.0036352994165045     
  0.45692317722057646       0.31700000000000023        1.9986535263362122     
  0.45783640833999312       0.31800000000000023        1.9937015510155613     
  0.45874919749741194       0.31900000000000023        1.9887791219832838     
  0.45966154832362138       0.32000000000000023        1.9838859905797950     
  0.46057346442974884       0.32100000000000023        1.9790219109179841     
  0.46148494940744272       0.32200000000000023        1.9741866398446559     
  0.46239600682905230       0.32300000000000023        1.9693799369026157     
  0.46330664024780532       0.32400000000000023        1.9646015642933823     
  0.46421685319798367       0.32500000000000023        1.9598512868405198     
  0.46512664919509678       0.32600000000000023        1.9551288719535731     
  0.46603603173605312       0.32700000000000023        1.9504340895925985     
  0.46694500429932956       0.32800000000000024        1.9457667122332756     
  0.46785357034513880       0.32900000000000024        1.9411265148325911     
  0.46876173331559484       0.33000000000000024        1.9365132747950826     
  0.46966949663487645       0.33100000000000024        1.9319267719396316     
  0.47057686370938878       0.33200000000000024        1.9273667884667971     
  0.47148383792792314       0.33300000000000024        1.9228331089266768     
  0.47239042266181475       0.33400000000000024        1.9183255201872882     
  0.47329662126509897       0.33500000000000024        1.9138438114034582     
  0.47420243707466536       0.33600000000000024        1.9093877739862144     
  0.47510787341041022       0.33700000000000024        1.9049572015726648     
  0.47601293357538726       0.33800000000000024        1.9005518899963598     
  0.47691762085595668       0.33900000000000025        1.8961716372581261     
  0.47782193852193239       0.34000000000000025        1.8918162434973642     
  0.47872588982672759       0.34100000000000025        1.8874855109638027     
  0.47962947800749878       0.34200000000000025        1.8831792439896955     
  0.48053270628528810       0.34300000000000025        1.8788972489624611     
  0.48143557786516400       0.34400000000000025        1.8746393342977505     
  0.48233809593636040       0.34500000000000025        1.8704053104129377     
  0.48324026367241424       0.34600000000000025        1.8661949897010244     
  0.48414208423130151       0.34700000000000025        1.8620081865049543     
  0.48504356075557176       0.34800000000000025        1.8578447170923247     
  0.48594469637248117       0.34900000000000025        1.8537043996304907     
  0.48684549419412393       0.35000000000000026        1.8495870541620574     
  0.48774595731756248       0.35100000000000026        1.8454925025807480     
  0.48864608882495614       0.35200000000000026        1.8414205686076444     
  0.48954589178368807       0.35300000000000026        1.8373710777677941     
  0.49044536924649146       0.35400000000000026        1.8333438573671741     
  0.49134452425157371       0.35500000000000026        1.8293387364700071     
  0.49224335982273953       0.35600000000000026        1.8253555458764257     
  0.49314187896951284       0.35700000000000026        1.8213941181004716     
  0.49404008468725691       0.35800000000000026        1.8174542873484352     
  0.49493797995729377       0.35900000000000026        1.8135358894975167     
  0.49583556774702170       0.36000000000000026        1.8096387620748136     
  0.49673285101003206       0.36100000000000027        1.8057627442366220     
  0.49762983268622440       0.36200000000000027        1.8019076767480504     
  0.49852651570192058       0.36300000000000027        1.7980734019629387     
  0.49942290296997749       0.36400000000000027        1.7942597638040756     
  0.50031899738989871       0.36500000000000027        1.7904666077437141     
  0.50121480184794509       0.36600000000000027        1.7866937807843730     
  0.50211031921724392       0.36700000000000027        1.7829411314399262     
  0.50300555235789679       0.36800000000000027        1.7792085097169705     
  0.50390050411708687       0.36900000000000027        1.7754957670964686     
  0.50479517732918455       0.37000000000000027        1.7718027565156629     
  0.50568957481585219       0.37100000000000027        1.7681293323502534     
  0.50658369938614778       0.37200000000000027        1.7644753503968380     
  0.50747755383662752       0.37300000000000028        1.7608406678556101     
  0.50837114095144698       0.37400000000000028        1.7572251433133077     
  0.50926446350246168       0.37500000000000028        1.7536286367264098     
  0.51015752424932670       0.37600000000000028        1.7500510094045771     
  0.51105032593959454       0.37700000000000028        1.7464921239943338     
  0.51194287130881277       0.37800000000000028        1.7429518444629823     
  0.51283516308062016       0.37900000000000028        1.7394300360827530     
  0.51372720396684202       0.38000000000000028        1.7359265654151792     
  0.51461899666758448       0.38100000000000028        1.7324413002956967     
  0.51551054387132811       0.38200000000000028        1.7289741098184641     
  0.51640184825502011       0.38300000000000028        1.7255248643213992     
  0.51729291248416565       0.38400000000000029        1.7220934353714303     
  0.51818373921291883       0.38500000000000029        1.7186796957499531     
  0.51907433108417189       0.38600000000000029        1.7152835194384972     
  0.51996469072964413       0.38700000000000029        1.7119047816045945     
  0.52085482076996981       0.38800000000000029        1.7085433585878440     
  0.52174472381478476       0.38900000000000029        1.7051991278861780     
  0.52263440246281290       0.39000000000000029        1.7018719681423156     
  0.52352385930195122       0.39100000000000029        1.6985617591304085     
  0.52441309690935389       0.39200000000000029        1.6952683817428755     
  0.52530211785151615       0.39300000000000029        1.6919917179774149     
  0.52619092468435691       0.39400000000000029        1.6887316509242025     
  0.52707951995330049       0.39500000000000030        1.6854880647532653     
  0.52796790619335765       0.39600000000000030        1.6822608447020304     
  0.52885608592920608       0.39700000000000030        1.6790498770630442     
  0.52974406167526955       0.39800000000000030        1.6758550491718640     
  0.53063183593579688       0.39900000000000030        1.6726762493951119     
  0.53151941120493962       0.40000000000000030        1.6695133671186975     
  0.53240678996682933       0.40100000000000030        1.6663662927361964     
  0.53329397469565398       0.40200000000000030        1.6632349176373924     
  0.53418096785573344       0.40300000000000030        1.6601191341969710     
  0.53506777190159460       0.40400000000000030        1.6570188357633713     
  0.53595438927804551       0.40500000000000030        1.6539339166477851     
  0.53684082242024866       0.40600000000000031        1.6508642721133069     
  0.53772707375379414       0.40700000000000031        1.6478097983642301     
  0.53861314569477137       0.40800000000000031        1.6447703925354864     
  0.53949904064984056       0.40900000000000031        1.6417459526822289     
  0.54038476101630339       0.41000000000000031        1.6387363777695536     
  0.54127030918217311       0.41100000000000031        1.6357415676623575     
  0.54215568752624388       0.41200000000000031        1.6327614231153351     
  0.54304089841815928       0.41300000000000031        1.6297958457631048     
  0.54392594421848062       0.41400000000000031        1.6268447381104683     
  0.54481082727875418       0.41500000000000031        1.6239080035227986     
  0.54569554994157798       0.41600000000000031        1.6209855462165568     
  0.54658011454066802       0.41700000000000031        1.6180772712499296     
  0.54746452340092344       0.41800000000000032        1.6151830845135977     
  0.54834877883849187       0.41900000000000032        1.6123028927216168     
  0.54923288316083352       0.42000000000000032        1.6094366034024241     
  0.55011683866678485       0.42100000000000032        1.6065841248899615     
  0.55100064764662160       0.42200000000000032        1.6037453663149133     
  0.55188431238212143       0.42300000000000032        1.6009202375960589     
  0.55276783514662575       0.42400000000000032        1.5981086494317380     
  0.55365121820510121       0.42500000000000032        1.5953105132914251     
  0.55453446381420046       0.42600000000000032        1.5925257414074163     
  0.55541757422232219       0.42700000000000032        1.5897542467666206     
  0.55630055166967096       0.42800000000000032        1.5869959431024572     
  0.55718339838831643       0.42900000000000033        1.5842507448868590     
  0.55806611660225169       0.43000000000000033        1.5815185673223768     
  0.55894870852745160       0.43100000000000033        1.5787993263343845     
  0.55983117637193025       0.43200000000000033        1.5760929385633859     
  0.56071352233579763       0.43300000000000033        1.5733993213574182     
  0.56159574861131667       0.43400000000000033        1.5707183927645516     
  0.56247785738295886       0.43500000000000033        1.5680500715254850     
  0.56335985082745965       0.43600000000000033        1.5653942770662370     
  0.56424173111387388       0.43700000000000033        1.5627509294909248     
  0.56512350040362969       0.43800000000000033        1.5601199495746401     
  0.56600516085058283       0.43900000000000033        1.5575012587564099     
  0.56688671460107021       0.44000000000000034        1.5548947791322485     
  0.56776816379396289       0.44100000000000034        1.5523004334482948     
  0.56864951056071844       0.44200000000000034        1.5497181450940372     
  0.56953075702543321       0.44300000000000034        1.5471478380956227     
  0.57041190530489405       0.44400000000000034        1.5445894371092477     
  0.57129295750862941       0.44500000000000034        1.5420428674146323     
  0.57217391573895982       0.44600000000000034        1.5395080549085776     
  0.57305478209104854       0.44700000000000034        1.5369849260985982     
  0.57393555865295121       0.44800000000000034        1.5344734080966371     
  0.57481624750566529       0.44900000000000034        1.5319734286128568     
  0.57569685072317889       0.45000000000000034        1.5294849159495072     
  0.57657737037251966       0.45100000000000035        1.5270077989948676     
  0.57745780851380246       0.45200000000000035        1.5245420072172651     
  0.57833816720027742       0.45300000000000035        1.5220874706591641     
  0.57921844847837700       0.45400000000000035        1.5196441199313291     
  0.58009865438776287       0.45500000000000035        1.5172118862070592     
  0.58097878696137273       0.45600000000000035        1.5147907012164896     
  0.58185884822546585       0.45700000000000035        1.5123804972409673     
  0.58273884019966915       0.45800000000000035        1.5099812071074894     
  0.58361876489702225       0.45900000000000035        1.5075927641832134     
  0.58449862432402255       0.46000000000000035        1.5052151023700302     
  0.58537842048066957       0.46100000000000035        1.5028481560992053     
  0.58625815536050918       0.46200000000000035        1.5004918603260804     
  0.58713783095067740       0.46300000000000036        1.4981461505248437     
  0.58801744923194366       0.46400000000000036        1.4958109626833582     
  0.58889701217875390       0.46500000000000036        1.4934862332980547     
  0.58977652175927320       0.46600000000000036        1.4911718993688841     
  0.59065597993542818       0.46700000000000036        1.4888678983943298     
  0.59153538866294864       0.46800000000000036        1.4865741683664808     
  0.59241474989140963       0.46900000000000036        1.4842906477661608     
  0.59329406556427222       0.47000000000000036        1.4820172755581167     
  0.59417333761892455       0.47100000000000036        1.4797539911862641     
  0.59505256798672257       0.47200000000000036        1.4775007345689866     
  0.59593175859303016       0.47300000000000036        1.4752574460944921     
  0.59681091135725872       0.47400000000000037        1.4730240666162238     
  0.59769002819290717       0.47500000000000037        1.4708005374483246     
  0.59856911100760080       0.47600000000000037        1.4685868003611533     
  0.59944816170313042       0.47700000000000037        1.4663827975768542     
  0.60032718217549097       0.47800000000000037        1.4641884717649778     
  0.60120617431491952       0.47900000000000037        1.4620037660381540     
  0.60208514000593327       0.48000000000000037        1.4598286239478133     
  0.60296408112736755       0.48100000000000037        1.4576629894799578     
  0.60384299955241272       0.48200000000000037        1.4555068070509820     
  0.60472189714865132       0.48300000000000037        1.4533600215035418     
  0.60560077577809490       0.48400000000000037        1.4512225781024704     
  0.60647963729722043       0.48500000000000038        1.4490944225307401     
  0.60735848355700628       0.48600000000000038        1.4469755008854730     
  0.60823731640296819       0.48700000000000038        1.4448657596739962     
  0.60911613767519479       0.48800000000000038        1.4427651458099398     
  0.60999494920838293       0.48900000000000038        1.4406736066093824     
  0.61087375283187251       0.49000000000000038        1.4385910897870402     
  0.61175255036968124       0.49100000000000038        1.4365175434524973     
  0.61263134364053906       0.49200000000000038        1.4344529161064798     
  0.61351013445792246       0.49300000000000038        1.4323971566371729     
  0.61438892463008810       0.49400000000000038        1.4303502143165789     
  0.61526771596010643       0.49500000000000038        1.4283120387969150     
  0.61614651024589528       0.49600000000000039        1.4262825801070542     
  0.61702530928025279       0.49700000000000039        1.4242617886490032     
  0.61790411485089003       0.49800000000000039        1.4222496151944228     
  0.61878292874046381       0.49900000000000039        1.4202460108811854     
  0.61966175272660884       0.50000000000000033        1.4182509272099695     
  0.62054058858196992       0.50100000000000033        1.4162643160408965     
  0.62141943807423361       0.50200000000000033        1.4142861295902001     
  0.62229830296615973       0.50300000000000034        1.4123163204269358     
  0.62317718501561281       0.50400000000000034        1.4103548414697262     
  0.62405608597559303       0.50500000000000034        1.4084016459835413     
  0.62493500759426712       0.50600000000000034        1.4064566875765145     
  0.62581395161499875       0.50700000000000034        1.4045199201967964     
  0.62669291977637909       0.50800000000000034        1.4025912981294384     
  0.62757191381225674       0.50900000000000034        1.4006707759933150     
  0.62845093545176778       0.51000000000000034        1.3987583087380764     
  0.62932998641936511       0.51100000000000034        1.3968538516411382     
  0.63020906843484825       0.51200000000000034        1.3949573603046987     
  0.63108818321339222       0.51300000000000034        1.3930687906527952     
  0.63196733246557657       0.51400000000000035        1.3911880989283858     
  0.63284651789741420       0.51500000000000035        1.3893152416904677     
  0.63372574121037983       0.51600000000000035        1.3874501758112250     
  0.63460500410143827       0.51700000000000035        1.3855928584732065     
  0.63548430826307256       0.51800000000000035        1.3837432471665354     
  0.63636365538331185       0.51900000000000035        1.3819012996861486     
  0.63724304714575908       0.52000000000000035        1.3800669741290656     
  0.63812248522961834       0.52100000000000035        1.3782402288916862     
  0.63900197130972214       0.52200000000000035        1.3764210226671190     
  0.63988150705655855       0.52300000000000035        1.3746093144425355     
  0.64076109413629800       0.52400000000000035        1.3728050634965563     
  0.64164073421081991       0.52500000000000036        1.3710082293966612     
  0.64252042893773909       0.52600000000000036        1.3692187719966296     
  0.64340017997043197       0.52700000000000036        1.3674366514340082     
  0.64427998895806282       0.52800000000000036        1.3656618281276025     
  0.64515985754560934       0.52900000000000036        1.3638942627749990     
  0.64603978737388856       0.53000000000000036        1.3621339163501105     
  0.64691978007958217       0.53100000000000036        1.3603807501007492     
  0.64779983729526180       0.53200000000000036        1.3586347255462239     
  0.64867996064941436       0.53300000000000036        1.3568958044749631     
  0.64956015176646653       0.53400000000000036        1.3551639489421634     
  0.65044041226680982       0.53500000000000036        1.3534391212674626     
  0.65132074376682503       0.53600000000000037        1.3517212840326367     
  0.65220114787890660       0.53700000000000037        1.3500104000793198     
  0.65308162621148680       0.53800000000000037        1.3483064325067506     
  0.65396218036905973       0.53900000000000037        1.3466093446695402     
  0.65484281195220517       0.54000000000000037        1.3449191001754637     
  0.65572352255761235       0.54100000000000037        1.3432356628832736     
  0.65660431377810313       0.54200000000000037        1.3415589969005390     
  0.65748518720265581       0.54300000000000037        1.3398890665815035     
  0.65836614441642793       0.54400000000000037        1.3382258365249664     
  0.65924718700077933       0.54500000000000037        1.3365692715721875     
  0.66012831653329496       0.54600000000000037        1.3349193368048111     
  0.66100953458780765       0.54700000000000037        1.3332759975428119     
  0.66189084273442056       0.54800000000000038        1.3316392193424627     
  0.66277224253952938       0.54900000000000038        1.3300089679943230     
  0.66365373556584462       0.55000000000000038        1.3283852095212467     
  0.66453532337241383       0.55100000000000038        1.3267679101764103     
  0.66541700751464306       0.55200000000000038        1.3251570364413643     
  0.66629878954431887       0.55300000000000038        1.3235525550240994     
  0.66718067100962974       0.55400000000000038        1.3219544328571364     
  0.66806265345518756       0.55500000000000038        1.3203626370956330     
  0.66894473842204871       0.55600000000000038        1.3187771351155115     
  0.66982692744773553       0.55700000000000038        1.3171978945116041     
  0.67070922206625683       0.55800000000000038        1.3156248830958166     
  0.67159162380812898       0.55900000000000039        1.3140580688953132     
  0.67247413420039659       0.56000000000000039        1.3124974201507147     
  0.67335675476665269       0.56100000000000039        1.3109429053143216     
  0.67423948702705949       0.56200000000000039        1.3093944930483468     
  0.67512233249836850       0.56300000000000039        1.3078521522231736     
  0.67600529269394039       0.56400000000000039        1.3063158519156262     
  0.67688836912376538       0.56500000000000039        1.3047855614072583     
  0.67777156329448263       0.56600000000000039        1.3032612501826610     
  0.67865487670940006       0.56700000000000039        1.3017428879277844     
  0.67953831086851402       0.56800000000000039        1.3002304445282784     
  0.68042186726852860       0.56900000000000039        1.2987238900678468     
  0.68130554740287486       0.57000000000000040        1.2972231948266228     
  0.68218935276172987       0.57100000000000040        1.2957283292795543     
  0.68307328483203611       0.57200000000000040        1.2942392640948093     
  0.68395734509751993       0.57300000000000040        1.2927559701321960     
  0.68484153503871048       0.57400000000000040        1.2912784184415984     
  0.68572585613295833       0.57500000000000040        1.2898065802614262     
  0.68661030985445404       0.57600000000000040        1.2883404270170808     
  0.68749489767424621       0.57700000000000040        1.2868799303194376     
  0.68837962106026018       0.57800000000000040        1.2854250619633389     
  0.68926448147731589       0.57900000000000040        1.2839757939261072     
  0.69014948038714574       0.58000000000000040        1.2825320983660677     
  0.69103461924841292       0.58100000000000041        1.2810939476210887     
  0.69191989951672872       0.58200000000000041        1.2796613142071342     
  0.69280532264467032       0.58300000000000041        1.2782341708168312     
  0.69369089008179852       0.58400000000000041        1.2768124903180509     
  0.69457660327467485       0.58500000000000041        1.2753962457525034     
  0.69546246366687892       0.58600000000000041        1.2739854103343460     
  0.69634847269902567       0.58700000000000041        1.2725799574488044     
  0.69723463180878253       0.58800000000000041        1.2711798606508080     
  0.69812094243088618       0.58900000000000041        1.2697850936636375     
  0.69900740599715938       0.59000000000000041        1.2683956303775861     
  0.69989402393652778       0.59100000000000041        1.2670114448486327     
  0.70078079767503654       0.59200000000000041        1.2656325112971283     
  0.70166772863586679       0.59300000000000042        1.2642588041064950     
  0.70255481823935206       0.59400000000000042        1.2628902978219367     
  0.70344206790299457       0.59500000000000042        1.2615269671491625     
  0.70432947904148135       0.59600000000000042        1.2601687869531226     
  0.70521705306670035       0.59700000000000042        1.2588157322567546     
  0.70610479138775650       0.59800000000000042        1.2574677782397443     
  0.70699269541098730       0.59900000000000042        1.2561249002372958     
  0.70788076653997889       0.60000000000000042        1.2547870737389131     
  0.70876900617558170       0.60100000000000042        1.2534542743871955     
  0.70965741571592567       0.60200000000000042        1.2521264779766417     
  0.71054599655643602       0.60300000000000042        1.2508036604524673     
  0.71143475008984869       0.60400000000000043        1.2494857979094309     
  0.71232367770622518       0.60500000000000043        1.2481728665906742     
  0.71321278079296813       0.60600000000000043        1.2468648428865692     
  0.71410206073483629       0.60700000000000043        1.2455617033335800     
  0.71499151891395918       0.60800000000000043        1.2442634246131328     
  0.71588115670985242       0.60900000000000043        1.2429699835504966     
  0.71677097549943214       0.61000000000000043        1.2416813571136747     
  0.71766097665702999       0.61100000000000043        1.2403975224123065     
  0.71855116155440735       0.61200000000000043        1.2391184566965801     
  0.71944153156077018       0.61300000000000043        1.2378441373561520     
  0.72033208804278326       0.61400000000000043        1.2365745419190810     
  0.72122283236458440       0.61500000000000044        1.2353096480507695     
  0.72211376588779885       0.61600000000000044        1.2340494335529133     
  0.72300488997155343       0.61700000000000044        1.2327938763624644     
  0.72389620597249049       0.61800000000000044        1.2315429545506000     
  0.72478771524478180       0.61900000000000044        1.2302966463217033     
  0.72567941914014267       0.62000000000000044        1.2290549300123521     
  0.72657131900784533       0.62100000000000044        1.2278177840903177     
  0.72746341619473309       0.62200000000000044        1.2265851871535713     
  0.72835571204523364       0.62300000000000044        1.2253571179293019     
  0.72924820790137268       0.62400000000000044        1.2241335552729407     
  0.73014090510278740       0.62500000000000044        1.2229144781671950     
  0.73103380498673964       0.62600000000000044        1.2216998657210929     
  0.73192690888812950       0.62700000000000045        1.2204896971690333     
  0.73282021813950826       0.62800000000000045        1.2192839518698460     
  0.73371373407109153       0.62900000000000045        1.2180826093058614     
  0.73460745801077243       0.63000000000000045        1.2168856490819866     
  0.73550139128413439       0.63100000000000045        1.2156930509247912     
  0.73639553521446399       0.63200000000000045        1.2145047946816006     
  0.73728989112276411       0.63300000000000045        1.2133208603195966     
  0.73818446032776608       0.63400000000000045        1.2121412279249288     
  0.73907924414594284       0.63500000000000045        1.2109658777018311     
  0.73997424389152122       0.63600000000000045        1.2097947899717463     
  0.74086946087649441       0.63700000000000045        1.2086279451724609     
  0.74176489641063459       0.63800000000000046        1.2074653238572453     
  0.74266055180150503       0.63900000000000046        1.2063069066940015     
  0.74355642835447233       0.64000000000000046        1.2051526744644205     
  0.74445252737271894       0.64100000000000046        1.2040026080631452     
  0.74534885015725494       0.64200000000000046        1.2028566884969401     
  0.74624539800693013       0.64300000000000046        1.2017148968838718     
  0.74714217221844614       0.64400000000000046        1.2005772144524922     
  0.74803917408636811       0.64500000000000046        1.1994436225410330     
  0.74893640490313684       0.64600000000000046        1.1983141025966035     
  0.74983386595908030       0.64700000000000046        1.1971886361743984     
  0.75073155854242524       0.64800000000000046        1.1960672049369117     
  0.75162948393930906       0.64900000000000047        1.1949497906531557     
  0.75252764343379108       0.65000000000000047        1.1938363751978907     
  0.75342603830786425       0.65100000000000047        1.1927269405508558     
  0.75432466984146651       0.65200000000000047        1.1916214687960127     
  0.75522353931249209       0.65300000000000047        1.1905199421207908     
  0.75612264799680262       0.65400000000000047        1.1894223428153428     
  0.75702199716823870       0.65500000000000047        1.1883286532718029     
  0.75792158809863075       0.65600000000000047        1.1872388559835549     
  0.75882142205781022       0.65700000000000047        1.1861529335445058     
  0.75972150031362051       0.65800000000000047        1.1850708686483626     
  0.76062182413192803       0.65900000000000047        1.1839926440879205     
  0.76152239477663297       0.66000000000000048        1.1829182427543530     
  0.76242321350968023       0.66100000000000048        1.1818476476365096     
  0.76332428159107013       0.66200000000000048        1.1807808418202206     
  0.76422560027886910       0.66300000000000048        1.1797178084876054     
  0.76512717082922022       0.66400000000000048        1.1786585309163891     
  0.76602899449635398       0.66500000000000048        1.1776029924792235     
  0.76693107253259873       0.66600000000000048        1.1765511766430148     
  0.76783340618839102       0.66700000000000048        1.1755030669682558     
  0.76873599671228621       0.66800000000000048        1.1744586471083645     
  0.76963884535096838       0.66900000000000048        1.1734179008090295     
  0.77054195334926123       0.67000000000000048        1.1723808119075585     
  0.77144532195013771       0.67100000000000048        1.1713473643322347     
  0.77234895239473045       0.67200000000000049        1.1703175421016763     
  0.77325284592234189       0.67300000000000049        1.1692913293242038     
  0.77415700377045416       0.67400000000000049        1.1682687101972109     
  0.77506142717473925       0.67500000000000049        1.1672496690065410     
  0.77596611736906873       0.67600000000000049        1.1662341901258704     
  0.77687107558552382       0.67700000000000049        1.1652222580160940     
  0.77777630305440493       0.67800000000000049        1.1642138572247187     
  0.77868180100424189       0.67900000000000049        1.1632089723852603     
  0.77958757066180318       0.68000000000000049        1.1622075882166467     
  0.78049361325210576       0.68100000000000049        1.1612096895226240     
  0.78139992999842467       0.68200000000000049        1.1602152611911702     
  0.78230652212230256       0.68300000000000050        1.1592242881939121     
  0.78321339084355923       0.68400000000000050        1.1582367555855471     
  0.78412053738030107       0.68500000000000050        1.1572526485032701     
  0.78502796294893018       0.68600000000000050        1.1562719521662062     
  0.78593566876415422       0.68700000000000050        1.1552946518748455     
  0.78684365603899509       0.68800000000000050        1.1543207330104854     
  0.78775192598479871       0.68900000000000050        1.1533501810346760     
  0.78866047981124365       0.69000000000000050        1.1523829814886695     
  0.78956931872635083       0.69100000000000050        1.1514191199928758     
  0.79047844393649214       0.69200000000000050        1.1504585822463220     
  0.79138785664639955       0.69300000000000050        1.1495013540261152     
  0.79229755805917446       0.69400000000000051        1.1485474211869111     
  0.79320754937629601       0.69500000000000051        1.1475967696603862     
  0.79411783179763051       0.69600000000000051        1.1466493854547146     
  0.79502840652143991       0.69700000000000051        1.1457052546540494     
  0.79593927474439075       0.69800000000000051        1.1447643634180069     
  0.79685043766156294       0.69900000000000051        1.1438266979811575     
  0.79776189646645823       0.70000000000000051        1.1428922446525183     
  0.79867365235100907       0.70100000000000051        1.1419609898150505     
  0.79958570650558702       0.70200000000000051        1.1410329199251625     
  0.80049806011901148       0.70300000000000051        1.1401080215122144     
  0.80141071437855815       0.70400000000000051        1.1391862811780282     
  0.80232367046996733       0.70500000000000052        1.1382676855964020     
  0.80323692957745241       0.70600000000000052        1.1373522215126277     
  0.80415049288370832       0.70700000000000052        1.1364398757430114     
  0.80506436156991978       0.70800000000000052        1.1355306351743999     
  0.80597853681576959       0.70900000000000052        1.1346244867637105     
  0.80689301979944672       0.71000000000000052        1.1337214175374619     
  0.80780781169765481       0.71100000000000052        1.1328214145913134     
  0.80872291368562010       0.71200000000000052        1.1319244650896034     
  0.80963832693709936       0.71300000000000052        1.1310305562648950     
  0.81055405262438840       0.71400000000000052        1.1301396754175224     
  0.81147009191832964       0.71500000000000052        1.1292518099151436     
  0.81238644598832044       0.71600000000000052        1.1283669471922946     
  0.81330311600232064       0.71700000000000053        1.1274850747499476     
  0.81422010312686088       0.71800000000000053        1.1266061801550740     
  0.81513740852705008       0.71900000000000053        1.1257302510402085     
  0.81605503336658347       0.72000000000000053        1.1248572751030197     
  0.81697297880775033       0.72100000000000053        1.1239872401058806     
  0.81789124601144159       0.72200000000000053        1.1231201338754453     
  0.81880983613715752       0.72300000000000053        1.1222559443022282     
  0.81972875034301562       0.72400000000000053        1.1213946593401858     
  0.82064798978575793       0.72500000000000053        1.1205362670063024     
  0.82156755562075867       0.72600000000000053        1.1196807553801793     
  0.82248744900203197       0.72700000000000053        1.1188281126036266     
  0.82340767108223911       0.72800000000000054        1.1179783268802583     
  0.82432822301269604       0.72900000000000054        1.1171313864750918     
  0.82524910594338075       0.73000000000000054        1.1162872797141485     
  0.82617032102294086       0.73100000000000054        1.1154459949840581     
  0.82709186939870061       0.73200000000000054        1.1146075207316679     
  0.82801375221666840       0.73300000000000054        1.1137718454636527     
  0.82893597062154400       0.73400000000000054        1.1129389577461286     
  0.82985852575672581       0.73500000000000054        1.1121088462042701     
  0.83078141876431788       0.73600000000000054        1.1112814995219296     
  0.83170465078513722       0.73700000000000054        1.1104569064412610     
  0.83262822295872085       0.73800000000000054        1.1096350557623451     
  0.83355213642333292       0.73900000000000055        1.1088159363428167     
  0.83447639231597170       0.74000000000000055        1.1079995370974984     
  0.83540099177237659       0.74100000000000055        1.1071858469980340     
  0.83632593592703508       0.74200000000000055        1.1063748550725241     
  0.83725122591318979       0.74300000000000055        1.1055665504051686     
  0.83817686286284510       0.74400000000000055        1.1047609221359074     
  0.83910284790677447       0.74500000000000055        1.1039579594600664     
  0.84002918217452671       0.74600000000000055        1.1031576516280062     
  0.84095586679443335       0.74700000000000055        1.1023599879447716     
  0.84188290289361489       0.74800000000000055        1.1015649577697459     
  0.84281029159798793       0.74900000000000055        1.1007725505163075     
  0.84373803403227166       0.75000000000000056        1.0999827556514874     
  0.84466613131999446       0.75100000000000056        1.0991955626956311     
  0.84559458458350067       0.75200000000000056        1.0984109612220627     
  0.84652339494395723       0.75300000000000056        1.0976289408567514     
  0.84745256352136000       0.75400000000000056        1.0968494912779798     
  0.84838209143454058       0.75500000000000056        1.0960726022160159     
  0.84931197980117268       0.75600000000000056        1.0952982634527866     
  0.85024222973777852       0.75700000000000056        1.0945264648215551     
  0.85117284235973545       0.75800000000000056        1.0937571962065984     
  0.85210381878128205       0.75900000000000056        1.0929904475428893     
  0.85303516011552483       0.76000000000000056        1.0922262088157808     
  0.85396686747444439       0.76100000000000056        1.0914644700606901     
  0.85489894196890182       0.76200000000000057        1.0907052213627890     
  0.85583138470864484       0.76300000000000057        1.0899484528566938     
  0.85676419680231419       0.76400000000000057        1.0891941547261579     
  0.85769737935744994       0.76500000000000057        1.0884423172037683     
  0.85863093348049735       0.76600000000000057        1.0876929305706415     
  0.85956486027681334       0.76700000000000057        1.0869459851561256     
  0.86049916085067246       0.76800000000000057        1.0862014713374999     
  0.86143383630527315       0.76900000000000057        1.0854593795396814     
  0.86236888774274356       0.77000000000000057        1.0847197002349300     
  0.86330431626414783       0.77100000000000057        1.0839824239425573     
  0.86424012296949193       0.77200000000000057        1.0832475412286378     
  0.86517630895772979       0.77300000000000058        1.0825150427057220     
  0.86611287532676917       0.77400000000000058        1.0817849190325508     
  0.86704982317347756       0.77500000000000058        1.0810571609137736     
  0.86798715359368828       0.77600000000000058        1.0803317590996664     
  0.86892486768220600       0.77700000000000058        1.0796087043858542     
  0.86986296653281303       0.77800000000000058        1.0788879876130342     
  0.87080145123827468       0.77900000000000058        1.0781695996667007     
  0.87174032289034542       0.78000000000000058        1.0774535314768732     
  0.87267958257977440       0.78100000000000058        1.0767397740178251     
  0.87361923139631137       0.78200000000000058        1.0760283183078154     
  0.87455927042871207       0.78300000000000058        1.0753191554088231     
  0.87549970076474437       0.78400000000000059        1.0746122764262804     
  0.87644052349119372       0.78500000000000059        1.0739076725088121     
  0.87738173969386857       0.78600000000000059        1.0732053348479735     
  0.87832335045760623       0.78700000000000059        1.0725052546779914     
  0.87926535686627838       0.78800000000000059        1.0718074232755077     
  0.88020776000279666       0.78900000000000059        1.0711118319593238     
  0.88115056094911803       0.79000000000000059        1.0704184720901475     
  0.88209376078625057       0.79100000000000059        1.0697273350703411     
  0.88303736059425864       0.79200000000000059        1.0690384123436720     
  0.88398136145226847       0.79300000000000059        1.0683516953950647     
  0.88492576443847359       0.79400000000000059        1.0676671757503546     
  0.88587057063014030       0.79500000000000060        1.0669848449760442     
  0.88681578110361292       0.79600000000000060        1.0663046946790593     
  0.88776139693431921       0.79700000000000060        1.0656267165065092     
  0.88870741919677554       0.79800000000000060        1.0649509021454477     
  0.88965384896459254       0.79900000000000060        1.0642772433226351     
  0.89060068731047992       0.80000000000000060        1.0636057318043024     
  0.89154793530625220       0.80100000000000060        1.0629363593959178     
  0.89249559402283363       0.80200000000000060        1.0622691179419543     
  0.89344366453026336       0.80300000000000060        1.0616039993256583     
  0.89439214789770083       0.80400000000000060        1.0609409954688218     
  0.89534104519343094       0.80500000000000060        1.0602800983315537     
  0.89629035748486896       0.80600000000000060        1.0596212999120547     
  0.89724008583856574       0.80700000000000061        1.0589645922463931     
  0.89819023132021292       0.80800000000000061        1.0583099674082819     
  0.89914079499464783       0.80900000000000061        1.0576574175088580     
  0.90009177792585870       0.81000000000000061        1.0570069346964626     
  0.90104318117698956       0.81100000000000061        1.0563585111564231     
  0.90199500581034531       0.81200000000000061        1.0557121391108371     
  0.90294725288739663       0.81300000000000061        1.0550678108183575     
  0.90389992346878500       0.81400000000000061        1.0544255185739788     
  0.90485301861432754       0.81500000000000061        1.0537852547088253     
  0.90580653938302214       0.81600000000000061        1.0531470115899413     
  0.90676048683305199       0.81700000000000061        1.0525107816200814     
  0.90771486202179086       0.81800000000000062        1.0518765572375037     
  0.90866966600580767       0.81900000000000062        1.0512443309157635     
  0.90962489984087136       0.82000000000000062        1.0506140951635088     
  0.91058056458195591       0.82100000000000062        1.0499858425242774     
  0.91153666128324473       0.82200000000000062        1.0493595655762951     
  0.91249319099813575       0.82300000000000062        1.0487352569322748     
  0.91345015477924618       0.82400000000000062        1.0481129092392187     
  0.91440755367841686       0.82500000000000062        1.0474925151782204     
  0.91536538874671747       0.82600000000000062        1.0468740674642685     
  0.91632366103445073       0.82700000000000062        1.0462575588460512     
  0.91728237159115755       0.82800000000000062        1.0456429821057642     
  0.91824152146562121       0.82900000000000063        1.0450303300589185     
  0.91920111170587226       0.83000000000000063        1.0444195955541480     
  0.92016114335919308       0.83100000000000063        1.0438107714730223     
  0.92112161747212229       0.83200000000000063        1.0432038507298562     
  0.92208253509045968       0.83300000000000063        1.0425988262715247     
  0.92304389725927050       0.83400000000000063        1.0419956910772772     
  0.92400570502288981       0.83500000000000063        1.0413944381585518     
  0.92496795942492738       0.83600000000000063        1.0407950605587943     
  0.92593066150827197       0.83700000000000063        1.0401975513532746     
  0.92689381231509582       0.83800000000000063        1.0396019036489068     
  0.92785741288685897       0.83900000000000063        1.0390081105840709     
  0.92882146426431400       0.84000000000000064        1.0384161653284329     
  0.92978596748751008       0.84100000000000064        1.0378260610827696     
  0.93075092359579770       0.84200000000000064        1.0372377910787918     
  0.93171633362783279       0.84300000000000064        1.0366513485789703     
  0.93268219862158119       0.84400000000000064        1.0360667268763628     
  0.93364851961432294       0.84500000000000064        1.0354839192944414     
  0.93461529764265661       0.84600000000000064        1.0349029191869217     
  0.93558253374250377       0.84700000000000064        1.0343237199375934     
  0.93655022894911300       0.84800000000000064        1.0337463149601513     
  0.93751838429706424       0.84900000000000064        1.0331706976980282     
  0.93848700082027314       0.85000000000000064        1.0325968616242276     
  0.93945607955199528       0.85100000000000064        1.0320248002411598     
  0.94042562152483022       0.85200000000000065        1.0314545070804770     
  0.94139562777072594       0.85300000000000065        1.0308859757029101     
  0.94236609932098281       0.85400000000000065        1.0303191996981071     
  0.94333703720625783       0.85500000000000065        1.0297541726844723     
  0.94430844245656875       0.85600000000000065        1.0291908883090066     
  0.94528031610129837       0.85700000000000065        1.0286293402471482     
  0.94625265916919821       0.85800000000000065        1.0280695222026159     
  0.94722547268839319       0.85900000000000065        1.0275114279072517     
  0.94819875768638540       0.86000000000000065        1.0269550511208660     
  0.94917251519005796       0.86100000000000065        1.0264003856310819     
  0.95014674622567952       0.86200000000000065        1.0258474252531835     
  0.95112145181890784       0.86300000000000066        1.0252961638299620     
  0.95209663299479419       0.86400000000000066        1.0247465952315646     
  0.95307229077778699       0.86500000000000066        1.0241987133553443     
  0.95404842619173624       0.86600000000000066        1.0236525121257107     
  0.95502504025989698       0.86700000000000066        1.0231079854939811     
  0.95600213400493361       0.86800000000000066        1.0225651274382324     
  0.95697970844892355       0.86900000000000066        1.0220239319631563     
  0.95795776461336146       0.87000000000000066        1.0214843930999129     
  0.95893630351916292       0.87100000000000066        1.0209465049059854     
  0.95991532618666831       0.87200000000000066        1.0204102614650372     
  0.96089483363564676       0.87300000000000066        1.0198756568867700     
  0.96187482688530002       0.87400000000000067        1.0193426853067806     
  0.96285530695426624       0.87500000000000067        1.0188113408864208     
  0.96383627486062395       0.87600000000000067        1.0182816178126577     
  0.96481773162189555       0.87700000000000067        1.0177535102979343     
  0.96579967825505142       0.87800000000000067        1.0172270125800318     
  0.96678211577651352       0.87900000000000067        1.0167021189219323     
  0.96776504520215934       0.88000000000000067        1.0161788236116824     
  0.96874846754732535       0.88100000000000067        1.0156571209622585     
  0.96973238382681104       0.88200000000000067        1.0151370053114308     
  0.97071679505488251       0.88300000000000067        1.0146184710216317     
  0.97170170224527608       0.88400000000000067        1.0141015124798216     
  0.97268710641120226       0.88500000000000068        1.0135861240973572     
  0.97367300856534911       0.88600000000000068        1.0130723003098610     
  0.97465940971988607       0.88700000000000068        1.0125600355770907     
  0.97564631088646758       0.88800000000000068        1.0120493243828106     
  0.97663371307623681       0.88900000000000068        1.0115401612346613     
  0.97762161729982910       0.89000000000000068        1.0110325406640341     
  0.97861002456737578       0.89100000000000068        1.0105264572259431     
  0.97959893588850766       0.89200000000000068        1.0100219054988995     
  0.98058835227235841       0.89300000000000068        1.0095188800847852     
  0.98157827472756853       0.89400000000000068        1.0090173756087308     
  0.98256870426228871       0.89500000000000068        1.0085173867189894     
  0.98355964188418321       0.89600000000000068        1.0080189080868156     
  0.98455108860043361       0.89700000000000069        1.0075219344063429     
  0.98554304541774218       0.89800000000000069        1.0070264603944612     
  0.98653551334233558       0.89900000000000069        1.0065324807906990     
  0.98752849337996818       0.90000000000000069        1.0060399903571009     
  0.98852198653592549       0.90100000000000069        1.0055489838781104     
  0.98951599381502786       0.90200000000000069        1.0050594561604511     
  0.99051051622163366       0.90300000000000069        1.0045714020330092     
  0.99150555475964286       0.90400000000000069        1.0040848163467171     
  0.99250111043250044       0.90500000000000069        1.0035996939744372     
  0.99349718424319977       0.90600000000000069        1.0031160298108464     
  0.99449377719428611       0.90700000000000069        1.0026338187723223     
  0.99549089028785975       0.90800000000000070        1.0021530557968292     
  0.99648852452557968       0.90900000000000070        1.0016737358438050     
  0.99748668090866666       0.91000000000000070        1.0011958538940480     
  0.99848536043790692       0.91100000000000070        1.0007194049496069     
  0.99948456411365527       0.91200000000000070        1.0002443840336683     
